5525
5531
5007
9911
1786
1805
5522
3149
1437
6257
1304
1806
6117
2809
2534
2601
1737
2482
1309
3011
4976
2707
2867
8427
1533
3338
9933
3018
1711
2603
2801
1725
5280
8039
2115
2548
2597
2929
2903
3573
2227
6192
1519
5305
6005
2417
2024
1525
1337
2405
1472
1324
9906
1340
2207
2049
3591
3665
2208
1604
2704
1713
3697
3027
3454
2478
2851
2020
3576
1514
8210
1325
3040
4999
1215
3704
4904
3029
6196
1517
1592
1110
1817
2364
1414
2028
3536
1473
2465
6605
2906
2530
6141
3682
2302
3257
2540
2634
9935
2013
2355
2415
2455
2431
8110
4119
3042
2359
4938
2328
3702
8411
1612
2323
2104
1443
1729
4906
3501
2492
6412
3579
1608
3645
2887
2010
9921
3406
3703
2609
3437
2616
1526
1236
1536
6214
4137
2402
4919
3673
2608
2390
3056
3698
6183
2607
6271
2429
3312
2606
1442
5521
3062
6155
1734
3481
1506
4725
2059
2456
3669
6153
4737
1439
5288
1618
3025
2493
2387
1589
1789
1723
3046
3474
1521
2499
2706
1515
2481
6405
1339
2357
8008
2404
2338
2834
2460
9912
2103
1108
6251
6504
3588
2615
2845
2904
1402
3305
2312
2330
1727
1452
2495
1722
1225
2614
2363
6239
2449
3559
2314
2613
1326
4984
2034
6115
1457
2439
1721
1720
8101
2618
3021
1308
1582
6415
1446
3519
1504
2516
6164
6133
2303
1432
6702
2358
2324
1718
1906
2702
8271
2401
1810
1217
2505
2605
6289
2453
3033
3701
3514
8213
3060
1736
3231
6189
2392
1539
3016
1201
2062
1477
2101
1455
3058
2486
9902
2382
2351
1445
2022
2535
2375
3030
3605
4108
2397
4930
3047
9157
1701
1338
1904
5906
1732
9939
3094
2471
6201
2340
2305
2849
3596
3308
2433
9905
1438
1513
1449
3653
3164
2360
9931
3051
1540
1305
6191
2032
2731
2448
2395
3002
1773
2371
9955
3679
8072
8105
9940
1469
8249
2311
8199
6286
2108
2376
1319
3014
1262
2033
3296
2910
2008
2912
1109
4106
8046
2413
3706
1532
1231
1902
4942
3209
4915
2459
3557
4426
1233
2342
5871
2424
3515
1735
1419
2332
6431
2347
3054
8374
2385
1229
3052
2888
1464
1558
6230
1905
8021
1203
8150
2361
3550
2885
2002
1436
6172
6184
3419
2472
1316
1416
2441
1808
8081
6165
6116
6269
2466
2017
1730
2031
5285
6142
2201
2701
2528
2506
6131
2820
3450
2399
1220
2457
2542
1524
2905
1417
1626
9925
2365
2847
2384
2393
4306
1522
8215
8011
4164
2388
3003
1475
2642
2612
2488
9941
1312
1710
6112
2816
2883
1103
3019
8016
2850
5471
2705
2923
9943
2356
1453
1467
1303
1617
6176
5203
1726
2437
8926
2027
2520
1463
2832
3015
6168
3048
1541
2436
3533
9942
2316
2458
9110
1101
3432
3008
2106
9103
2206
2412
1560
2901
3037
1616
9926
1102
1605
2354
1314
1614
2442
6277
2610
9136
2434
2722
2029
5434
1707
1712
2855
9945
2537
1213
2009
1611
6243
9908
8078
1219
2484
6136
8261
3383
6205
1704
9917
2498
4144
2545
2617
3043
4935
3189
3561
5234
9188
2327
9946
3311
1531
3036
6202
8131
2473
2430
8454
1104
2377
2374
2109
1456
8443
1809
5608
1909
6285
1537
2547
1232
2105
1503
1468
1409
2491
3024
2321
3443
3055
9151
3057
2852
5880
3059
2812
2344
2373
1444
9910
3380
2536
2836
3061
1724
2423
2421
3638
2444
9927
2406
3130
3593
2313
3022
2102
2515
1802
5264
6145
1418
2425
1470
2546
2329
1234
6235
2886
2438
4536
9930
1528
5519
2337
8070
2420
4104
6225
1903
1783
3376
2114
1538
5215
3661
3005
2379
1535
3617
4746
3032
1435
5607
2712
6120
1471
1216
5907
2462
1583
9924
8103
2204
2856
3006
2331
3545
5225
2352
5706
4733
1717
4532
2880
1323
2489
2006
1465
2368
3229
4994
9904
2723
3049
2362
1476
4414
1423
6216
1615
1315
9928
3266
6197
1413
6108
2504
6283
9104
2538
2882
1731
2440
3518
4722
9918
3026
2890
2231
1708
8940
6505
1447
6206
9934
1529
3607
8201
3694
6128
6409
2427
6166
2889
2454
1310
4526
3010
9937
1530
1434
8422
2107
1454
2015
2007
2915
2345
9105
4934
2383
3023
1527
2308
2727
2228
2838
2325
1451
8996
1709
2913
2477
3535
2426
1210
3315
8404
2891
2911
6278
1733
1603
1459
6213
1321
1227
2497
1218
9944
1715
1507
2349
3686
1307
2543
3017
1460
9929
1702
2380
5515
1609
2483
1516
8114
2841
6224
1313
2501
5538
3041
4755
3038
8033
3583
2025
2348
5533
3532
2474
9958
6282
1466
2301
3356
2884
2419
6177
2823
2464
1410
2908
1762
4960
5243
1474
1301
2637
3598
2428
2511
5388
2892
2476
2524
3013
2450
1441
4916
3028
2367
4952
1714
3584
4958
9919
4133
2509
3031
6281
1613
8429
2468
0050
1590
2014
2408
6152
3705
2833
2467
2496
5259
2611
2881
6449
5484
4956
3035
9907
3167
4142
5534
6422
1440
2038
3504
1512
6215
2030
2461
2480
3494
8112
5269
2414
2514
6209
9802
8163
2317
2539
2475
5469
3050
9938
1568
3004
2485
6414
3045
9914
6139
3044
3080
3599
2451
2409
2527
6226
3034
3622
4141
2353
9106
3090
2315
2369
2837
2012
1907
1235
2443
2023
4977
