Date,Open,High,Low,Close,Volume,Adj Close
2014-12-01,53.70,54.40,53.60,54.10,489000,54.10
2014-11-28,54.20,54.20,53.80,54.10,173000,54.10
2014-11-27,54.30,54.30,53.50,54.20,514000,54.20
2014-11-26,54.00,54.30,53.90,54.00,310000,54.00
2014-11-25,54.00,54.00,53.70,53.90,228000,53.90
2014-11-24,54.00,54.20,53.80,54.00,222000,54.00
2014-11-21,53.90,54.40,53.70,53.70,248000,53.70
2014-11-20,53.70,54.20,53.40,53.70,318000,53.70
2014-11-19,53.80,54.00,53.70,53.70,208000,53.70
2014-11-18,54.50,54.70,53.50,53.70,549000,53.70
2014-11-17,54.90,55.30,54.70,54.70,194000,54.70
2014-11-14,55.20,55.50,54.90,54.90,190000,54.90
2014-11-13,55.00,55.20,55.00,55.10,92000,55.10
2014-11-12,54.80,55.20,54.50,54.80,251000,54.80
2014-11-11,54.70,55.60,54.70,55.10,350000,55.10
2014-11-10,54.50,54.90,54.50,54.70,290000,54.70
2014-11-07,54.50,55.00,54.50,54.50,249000,54.50
2014-11-06,54.70,55.30,54.70,55.30,203000,55.30
2014-11-05,54.50,55.40,54.40,54.70,510000,54.70
2014-11-04,55.30,55.50,55.00,55.00,253000,55.00
2014-11-03,55.90,55.90,55.30,55.30,362000,55.30
2014-10-31,55.70,55.90,55.00,55.30,310000,55.30
2014-10-30,55.40,55.40,54.90,55.30,105000,55.30
2014-10-29,54.60,55.80,54.40,55.30,293000,55.30
2014-10-28,53.80,55.40,53.80,55.00,302000,55.00
2014-10-27,55.70,55.70,53.60,53.70,397000,53.70
2014-10-24,56.20,56.20,55.40,55.40,196000,55.40
2014-10-23,56.30,56.40,55.40,56.20,176000,56.20
2014-10-22,56.80,56.90,56.20,56.50,438000,56.50
2014-10-21,55.10,56.60,55.10,56.50,560000,56.50
2014-10-20,54.50,55.60,54.50,55.10,375000,55.10
2014-10-17,55.80,55.90,53.70,53.80,890000,53.80
2014-10-16,55.10,55.80,54.50,55.80,416000,55.80
2014-10-15,57.00,57.00,55.20,55.40,661000,55.40
2014-10-14,55.80,56.90,55.80,56.90,324000,56.90
2014-10-13,58.00,58.00,55.60,56.20,748000,56.20
2014-10-10,58.30,58.30,58.30,58.30,000,58.30
2014-10-09,60.00,60.10,58.00,58.30,917000,58.30
2014-10-08,60.80,61.50,59.40,59.40,965000,59.40
2014-10-07,60.80,62.40,60.80,61.00,1513000,61.00
2014-10-06,61.10,61.60,60.50,61.20,533000,61.20
2014-10-03,61.10,61.60,60.80,61.00,577000,61.00
2014-10-02,59.80,62.20,59.80,61.00,1498000,61.00
2014-10-01,59.50,61.10,59.50,60.20,936000,60.20
2014-09-30,61.40,61.40,59.70,59.80,1722000,59.80
2014-09-29,58.70,62.50,58.60,61.70,4299000,61.70
2014-09-26,57.90,58.70,57.50,58.50,427000,58.50
2014-09-25,58.20,59.00,58.10,58.10,635000,58.10
2014-09-24,57.90,58.30,57.80,57.90,369000,57.90
2014-09-23,58.00,58.40,57.90,58.00,515000,58.00
2014-09-22,58.30,58.30,57.60,57.70,302000,57.70
2014-09-19,57.40,58.50,57.30,58.30,526000,58.30
2014-09-18,58.00,58.10,57.50,57.70,363000,57.70
2014-09-17,57.80,58.50,57.80,58.00,746000,58.00
2014-09-16,57.80,58.00,57.50,57.70,230000,57.70
2014-09-15,57.90,57.90,57.20,57.80,152000,57.80
2014-09-12,57.80,58.00,57.30,57.80,324000,57.80
2014-09-11,57.20,58.30,57.20,57.80,540000,57.80
2014-09-10,57.50,57.50,56.90,57.10,414000,57.10
2014-09-09,57.10,57.70,57.10,57.20,418000,57.20
2014-09-08,57.00,57.00,57.00,57.00,000,57.00
2014-09-05,57.20,57.50,56.80,57.00,556000,57.00
2014-09-04,57.00,57.70,57.00,57.20,304000,57.20
2014-09-03,57.30,57.50,57.10,57.20,125000,57.20
2014-09-02,56.80,57.50,56.80,57.10,271000,57.10
2014-09-01,57.20,57.60,57.10,57.30,407000,57.30
2014-08-29,57.80,57.90,57.10,57.20,435000,57.20
2014-08-28,58.00,58.90,57.40,57.80,715000,57.80
2014-08-27,57.50,58.80,57.30,58.00,735000,58.00
2014-08-26,57.70,58.20,57.50,57.50,337000,57.50
2014-08-25,57.80,58.10,57.30,57.70,317000,57.70
2014-08-22,57.50,58.50,56.80,57.80,767000,57.80
2014-08-21,56.90,57.80,56.30,57.70,464000,57.70
2014-08-20,56.70,57.40,56.50,57.00,518000,57.00
2014-08-19,54.40,57.00,54.30,56.50,830000,56.50
2014-08-18,55.70,55.80,54.10,54.40,554000,54.40
2014-08-15,56.30,56.40,55.00,55.70,535000,55.70
2014-08-14,58.10,58.10,56.60,56.70,768000,56.70
2014-08-13,56.00,58.00,56.00,58.00,868000,58.00
2014-08-12,55.90,56.10,55.10,55.90,600000,55.90
2014-08-11,55.80,56.20,55.20,55.90,904000,55.90
2014-08-08,53.30,55.70,52.80,55.20,962000,55.20
2014-08-07,53.00,54.00,52.30,53.30,1116000,53.30
2014-08-06,56.10,56.20,52.40,53.20,1620000,53.20
2014-08-05,57.00,57.00,56.00,56.10,858000,56.10
2014-08-04,58.10,58.10,56.50,57.00,442000,57.00
2014-08-01,57.70,58.30,57.50,58.10,350000,58.10
2014-07-31,58.50,58.90,57.90,58.10,317000,58.10
2014-07-30,57.80,58.70,57.80,58.40,532000,58.40
2014-07-29,58.30,59.20,57.40,57.60,702000,57.60
2014-07-28,59.50,59.50,58.60,58.60,552000,58.60
2014-07-25,60.60,61.00,59.30,59.60,748000,59.60
2014-07-24,61.80,62.20,60.80,61.00,705000,61.00
2014-07-23,61.80,61.80,61.80,61.80,000,61.80
2014-07-22,62.20,62.70,61.40,61.80,615000,61.80
2014-07-21,62.30,62.90,62.00,62.20,851000,62.20
2014-07-18,58.50,61.40,58.50,61.20,1726000,61.20
2014-07-17,59.00,59.20,58.00,58.50,1032000,58.50
2014-07-16,60.40,60.90,58.00,59.00,1506000,59.00
2014-07-15,61.20,61.60,60.10,60.40,1037000,60.40
2014-07-14,61.10,61.20,60.00,60.70,803000,60.70
2014-07-11,62.90,62.90,60.00,60.90,1073000,60.90
2014-07-10,63.00,63.10,62.50,63.00,866000,63.00
2014-07-09,61.20,62.90,61.20,62.40,1552000,62.40
2014-07-08,62.70,63.70,62.60,63.00,1465000,61.40
2014-07-07,64.10,64.10,61.80,62.80,972000,61.21
2014-07-04,66.00,66.10,64.00,64.40,1219000,62.76
2014-07-03,65.50,66.20,65.40,66.10,823000,64.42
2014-07-02,67.10,67.50,65.30,65.60,1092000,63.93
2014-07-01,67.70,67.80,66.80,66.80,659000,65.10
2014-06-30,66.50,67.50,66.50,67.20,705000,65.49
2014-06-27,67.10,67.10,66.50,66.50,615000,64.81
2014-06-26,67.10,67.90,66.80,66.90,1350000,65.20
2014-06-25,66.30,67.50,66.00,66.90,1168000,65.20
2014-06-24,66.70,67.20,66.10,66.30,768000,64.62
2014-06-23,68.40,69.40,66.50,66.50,2105000,64.81
2014-06-20,68.10,68.50,67.40,67.40,1070000,65.69
2014-06-19,68.50,69.40,67.50,67.80,1384000,66.08
2014-06-18,69.70,70.00,67.50,68.10,1933000,66.37
2014-06-17,70.20,70.40,69.00,69.50,1533000,67.73
2014-06-16,68.00,71.90,68.00,69.80,4419000,68.03
2014-06-13,67.80,68.80,66.30,67.50,2142000,65.79
2014-06-12,68.80,69.30,67.60,67.80,1371000,66.08
2014-06-11,68.30,70.30,67.60,69.10,4462000,67.35
2014-06-10,66.70,67.90,66.70,66.80,715000,65.10
2014-06-09,67.30,67.40,66.70,66.70,565000,65.01
2014-06-06,68.40,68.50,66.30,66.80,1305000,65.10
2014-06-05,67.50,68.50,66.60,67.60,1840000,65.88
2014-06-04,67.50,68.30,66.60,66.70,1593000,65.01
2014-06-03,67.90,68.20,67.10,67.10,1331000,65.40
2014-06-02,67.80,67.80,67.80,67.80,000,66.08
2014-05-30,67.00,68.70,67.00,67.80,2817000,66.08
2014-05-29,69.70,70.50,66.80,66.90,4376000,65.20
2014-05-28,68.00,68.70,66.20,68.70,4404000,66.96
2014-05-27,64.00,68.00,63.80,68.00,5703000,66.27
2014-05-26,64.50,64.70,63.20,63.60,1046000,61.98
2014-05-23,65.50,66.80,64.10,64.10,2145000,62.47
2014-05-22,66.10,66.20,64.60,65.40,1467000,63.74
2014-05-21,65.10,67.30,65.00,65.40,4004000,63.74
2014-05-20,62.50,64.80,62.20,64.50,2324000,62.86
2014-05-19,64.00,64.10,61.40,62.00,1114000,60.43
2014-05-16,62.30,64.40,62.30,63.20,1614000,61.59
2014-05-15,64.90,67.50,62.20,62.70,5492000,61.11
2014-05-14,60.80,64.20,60.00,64.20,2353000,62.57
2014-05-13,62.00,63.10,58.50,60.00,2359000,58.48
2014-05-12,63.30,64.30,61.80,61.80,1719000,60.23
2014-05-09,65.50,65.60,61.70,62.80,3011000,61.21
2014-05-08,68.00,68.50,64.50,65.00,3459000,63.35
2014-05-07,65.10,69.00,64.10,67.90,5589000,66.18
2014-05-06,61.50,65.10,61.50,65.10,5138000,63.45
2014-05-05,57.80,60.90,57.50,60.90,2853000,59.35
2014-05-02,55.30,57.20,55.30,57.00,916000,55.55
2014-05-01,55.30,55.30,55.30,55.30,000,53.90
2014-04-30,56.20,56.30,54.90,55.30,292000,53.90
2014-04-29,54.30,56.30,54.30,56.10,445000,54.68
2014-04-28,54.60,54.90,53.50,54.50,209000,53.12
2014-04-25,56.00,56.50,53.10,55.00,621000,53.60
2014-04-24,55.30,57.70,54.90,56.10,818000,54.68
2014-04-23,55.50,55.80,54.50,54.70,580000,53.31
2014-04-22,54.70,55.30,54.50,55.00,268000,53.60
2014-04-21,54.50,54.90,54.30,54.70,164000,53.31
2014-04-18,53.90,54.50,53.60,54.50,295000,53.12
2014-04-17,53.70,54.00,53.60,53.60,178000,52.24
2014-04-16,54.00,54.40,53.50,53.70,166000,52.34
2014-04-15,54.00,54.30,53.50,53.70,145000,52.34
2014-04-14,53.50,54.00,53.50,54.00,132000,52.63
2014-04-11,54.30,54.30,53.40,54.30,252000,52.92
2014-04-10,53.80,54.40,53.70,54.40,114000,53.02
2014-04-09,54.40,54.40,53.60,53.80,122000,52.43
2014-04-08,54.40,54.40,53.90,54.20,132000,52.82
2014-04-07,53.90,54.10,53.70,54.00,87000,52.63
2014-04-04,53.90,53.90,53.90,53.90,000,52.53
2014-04-03,54.30,54.30,53.80,53.90,137000,52.53
2014-04-02,55.00,55.00,53.70,54.30,287000,52.92
2014-04-01,54.70,54.80,54.20,54.50,82000,53.12
2014-03-31,54.00,55.10,54.00,54.60,177000,53.21
2014-03-28,54.60,54.60,53.30,53.90,599000,52.53
2014-03-27,55.00,55.60,54.50,54.70,247000,53.31
2014-03-26,55.40,55.60,55.20,55.40,82000,53.99
2014-03-25,55.50,55.70,55.10,55.40,122000,53.99
2014-03-24,55.50,56.20,55.50,55.70,137000,54.29
2014-03-21,56.00,57.00,55.40,57.00,341000,55.55
2014-03-20,55.70,55.70,55.00,55.30,129000,53.90
2014-03-19,56.70,56.70,55.30,55.70,177000,54.29
2014-03-18,55.70,57.40,55.60,56.20,525000,54.77
2014-03-17,55.00,55.50,54.90,55.20,225000,53.80
2014-03-14,54.50,54.60,54.20,54.50,189000,53.12
2014-03-13,53.90,54.70,53.90,54.50,223000,53.12
2014-03-12,54.00,54.20,53.50,53.90,404000,52.53
2014-03-11,54.70,55.00,54.00,54.30,332000,52.92
2014-03-10,54.80,55.40,54.60,54.70,208000,53.31
2014-03-07,55.60,56.00,54.80,54.80,239000,53.41
2014-03-06,55.80,56.30,55.50,55.60,160000,54.19
2014-03-05,56.30,56.50,55.50,55.70,368000,54.29
2014-03-04,57.00,57.10,56.00,56.00,194000,54.58
2014-03-03,57.00,58.30,56.60,57.10,635000,55.65
2014-02-28,57.00,57.00,57.00,57.00,000,55.55
2014-02-27,56.50,57.00,56.20,57.00,212000,55.55
2014-02-26,56.00,56.50,56.00,56.30,104000,54.87
2014-02-25,55.90,56.30,55.90,56.00,121000,54.58
2014-02-24,56.40,56.70,55.70,55.90,157000,54.48
2014-02-21,56.20,56.80,56.20,56.40,123000,54.97
2014-02-20,56.80,57.20,56.20,56.20,180000,54.77
2014-02-19,56.60,56.90,56.20,56.80,292000,55.36
2014-02-18,56.00,56.90,55.60,56.50,205000,55.07
2014-02-17,56.20,57.30,56.00,56.20,231000,54.77
2014-02-14,57.20,57.30,56.30,56.30,426000,54.87
2014-02-13,56.90,57.30,56.60,57.20,545000,55.75
2014-02-12,56.50,56.90,56.00,56.70,494000,55.26
2014-02-11,54.90,56.80,54.90,56.50,694000,55.07
2014-02-10,55.00,55.00,54.20,54.50,259000,53.12
2014-02-07,55.60,55.90,54.20,54.60,428000,53.21
2014-02-06,54.80,56.30,54.80,55.50,471000,54.09
2014-02-05,55.00,55.80,54.80,55.60,228000,54.19
2014-02-03,55.80,55.80,55.80,55.80,000,54.38
2014-01-31,55.80,55.80,55.80,55.80,000,54.38
2014-01-30,55.80,55.80,55.80,55.80,000,54.38
2014-01-29,55.80,55.80,55.80,55.80,000,54.38
2014-01-28,55.80,55.80,55.80,55.80,000,54.38
2014-01-27,55.90,56.00,55.30,55.80,400000,54.38
2014-01-24,57.00,57.00,56.00,56.10,101000,54.68
2014-01-23,56.70,57.40,56.20,56.70,438000,55.26
2014-01-22,55.60,56.40,55.60,56.20,199000,54.77
2014-01-21,55.00,56.00,55.00,55.60,316000,54.19
2014-01-20,57.20,57.20,54.60,55.50,691000,54.09
2014-01-17,57.30,57.40,56.70,57.20,417000,55.75
2014-01-16,57.50,57.50,56.10,57.20,601000,55.75
2014-01-15,57.00,57.40,56.40,57.00,823000,55.55
2014-01-14,56.90,57.30,56.50,56.90,514000,55.45
2014-01-13,56.50,57.20,56.50,57.00,646000,55.55
2014-01-10,56.20,56.40,55.50,56.00,549000,54.58
2014-01-09,56.90,56.90,55.80,55.80,282000,54.38
2014-01-08,56.90,57.10,56.00,56.90,624000,55.45
2014-01-07,57.90,57.90,56.50,56.70,507000,55.26
2014-01-06,56.50,58.50,56.50,57.20,1529000,55.75
2014-01-03,55.00,56.60,54.70,56.50,648000,55.07
2014-01-02,54.70,55.40,54.70,55.10,255000,53.70
2014-01-01,54.70,54.70,54.70,54.70,000,53.31
2013-12-31,55.80,55.80,54.70,54.70,414000,53.31
2013-12-30,55.80,56.10,55.50,55.70,376000,54.29
2013-12-27,55.90,56.00,55.50,55.50,275000,54.09
2013-12-26,56.20,56.20,55.50,55.50,272000,54.09
2013-12-25,56.40,56.40,55.50,55.70,289000,54.29
2013-12-24,56.10,56.80,55.80,56.10,353000,54.68
2013-12-23,56.20,56.60,55.90,56.10,623000,54.68
2013-12-20,57.20,57.40,56.10,56.60,858000,55.16
2013-12-19,54.50,58.00,54.50,56.50,3767000,55.07
2013-12-18,53.40,54.70,53.00,54.30,896000,52.92
2013-12-17,52.80,53.10,52.30,53.00,369000,51.65
2013-12-16,53.50,53.50,52.50,52.60,251000,51.26
2013-12-13,53.50,53.50,52.50,53.00,346000,51.65
2013-12-12,53.30,53.40,52.70,53.10,321000,51.75
2013-12-11,53.60,54.30,53.10,53.50,1061000,52.14
2013-12-10,53.00,53.70,52.90,53.60,901000,52.24
2013-12-09,52.00,52.80,52.00,52.80,1062000,51.46
2013-12-06,53.00,53.20,51.80,51.80,1887000,50.48
2013-12-05,54.50,54.80,52.60,53.00,1379000,51.65
2013-12-04,55.00,55.70,54.50,54.50,530000,53.12
2013-12-03,56.80,56.80,54.80,55.30,567000,53.90
2013-12-02,56.80,56.80,55.50,55.80,529000,54.38
2013-11-29,56.60,57.10,55.80,56.50,1356000,55.07
2013-11-28,56.60,56.90,55.80,56.10,1241000,54.68
2013-11-27,55.00,56.20,54.70,56.20,661000,54.77
2013-11-26,55.30,55.70,54.90,55.00,505000,53.60
2013-11-25,55.60,55.60,54.50,54.90,368000,53.51
2013-11-22,56.40,56.70,55.10,55.10,425000,53.70
2013-11-21,56.80,56.80,55.80,56.50,473000,55.07
2013-11-20,56.00,56.70,56.00,56.60,1081000,55.16
2013-11-19,53.80,55.80,53.80,55.80,735000,54.38
2013-11-18,54.40,54.80,53.70,53.80,295000,52.43
2013-11-15,54.50,55.20,54.40,54.40,252000,53.02
2013-11-14,54.80,55.00,53.80,54.50,304000,53.12
2013-11-13,54.50,54.90,54.00,54.50,288000,53.12
2013-11-12,55.00,55.30,53.50,54.50,585000,53.12
2013-11-11,55.00,55.00,53.80,54.50,424000,53.12
2013-11-08,55.70,56.40,54.20,55.00,408000,53.60
2013-11-07,55.90,56.50,55.80,55.80,730000,54.38
2013-11-06,54.90,55.60,53.80,55.60,1080000,54.19
2013-11-05,55.40,55.90,53.40,54.50,1369000,53.12
2013-11-04,55.40,56.20,54.00,55.00,1250000,53.60
2013-11-01,57.30,57.70,55.20,55.40,1244000,53.99
2013-10-31,57.70,57.90,57.20,57.30,579000,55.84
2013-10-30,58.10,58.30,57.10,57.60,632000,56.14
2013-10-29,57.80,58.70,57.60,58.00,843000,56.53
2013-10-28,57.90,59.00,57.80,57.90,1375000,56.43
2013-10-25,57.60,58.20,57.20,57.60,968000,56.14
2013-10-24,57.80,57.80,57.20,57.20,513000,55.75
2013-10-23,58.00,58.40,57.10,57.80,749000,56.33
2013-10-22,57.30,57.80,57.00,57.80,607000,56.33
2013-10-21,58.20,58.50,56.90,57.30,663000,55.84
2013-10-18,57.40,58.10,57.00,57.70,880000,56.23
2013-10-17,58.00,58.50,56.80,57.40,692000,55.94
2013-10-16,57.70,59.00,57.30,57.70,944000,56.23
2013-10-15,55.80,57.70,55.80,57.40,1118000,55.94
2013-10-14,57.10,57.50,55.30,55.70,1301000,54.29
2013-10-11,58.00,58.40,57.00,57.00,975000,55.55
2013-10-10,57.40,57.40,57.40,57.40,000,55.94
2013-10-09,59.20,59.20,57.40,57.40,1235000,55.94
2013-10-08,59.30,59.40,57.30,59.30,1591000,57.79
2013-10-07,58.00,59.50,57.60,58.70,4128000,57.21
2013-10-04,55.50,58.00,55.30,56.70,4457000,55.26
2013-10-03,54.50,55.30,54.10,55.10,1904000,53.70
2013-10-02,55.20,55.50,54.00,54.40,1805000,53.02
2013-10-01,54.30,55.80,54.20,54.50,3110000,53.12
2013-09-30,53.70,54.90,53.20,54.00,2313000,52.63
2013-09-27,52.30,54.00,52.20,53.80,1857000,52.43
2013-09-26,54.00,54.10,52.20,52.30,1477000,50.97
2013-09-25,53.90,54.30,53.20,53.60,2163000,52.24
2013-09-24,53.10,54.40,52.50,53.90,3779000,52.53
2013-09-23,51.50,53.00,51.40,53.00,1879000,51.65
2013-09-20,51.40,51.40,51.40,51.40,000,50.09
2013-09-18,50.80,52.40,50.80,51.40,1376000,50.09
2013-09-17,50.80,51.30,50.40,50.80,567000,49.51
2013-09-16,52.50,52.50,49.80,50.80,2183000,49.51
2013-09-13,53.50,53.60,51.90,52.10,1040000,50.78
2013-09-12,49.90,53.70,49.90,53.10,3877000,51.75
2013-09-11,49.40,51.00,49.10,51.00,1392000,49.70
2013-09-10,49.60,49.80,48.75,49.00,844000,47.76
2013-09-09,51.50,51.50,49.00,49.60,1650000,48.34
2013-09-06,50.30,51.90,50.30,51.90,2183000,50.58
2013-09-05,49.80,50.70,49.80,50.20,895000,48.93
2013-09-04,50.00,50.00,49.55,49.70,771000,48.44
2013-09-03,50.80,50.80,49.70,50.10,1290000,48.83
2013-09-02,49.50,51.20,49.50,50.50,2281000,49.22
2013-08-30,50.00,50.00,49.35,49.50,909000,48.24
2013-08-29,49.90,50.30,49.25,50.00,1775000,48.73
2013-08-28,49.20,50.80,48.90,49.70,4579000,48.44
2013-08-27,48.50,49.50,48.50,48.85,3211000,47.61
2013-08-26,47.80,48.20,47.45,47.80,760000,46.59
2013-08-23,46.60,47.60,46.10,47.45,785000,46.24
2013-08-22,46.30,46.70,45.85,46.40,520000,45.22
2013-08-21,46.30,46.30,46.30,46.30,000,45.12
2013-08-20,47.20,47.40,46.15,46.30,757000,45.12
2013-08-19,47.00,47.70,46.75,47.20,489000,46.00
2013-08-16,46.50,46.95,46.30,46.75,596000,45.56
2013-08-15,47.10,47.80,46.55,46.70,1190000,45.51
2013-08-14,48.00,48.50,47.25,47.40,850000,46.20
2013-08-13,48.60,48.90,47.50,47.60,1357000,46.39
2013-08-12,48.60,49.40,48.50,48.50,2095000,47.27
2013-08-09,48.10,49.40,48.10,48.30,2770000,47.07
2013-08-08,47.30,47.95,46.75,47.60,1279000,46.39
2013-08-07,48.00,48.00,46.95,47.00,1856000,45.81
2013-08-06,47.00,48.45,46.50,48.00,3659000,46.78
2013-08-05,45.50,47.50,45.00,46.85,3008000,45.66
2013-08-02,44.95,45.80,44.50,45.40,1108000,44.25
2013-08-01,44.35,45.00,44.25,44.50,356000,43.37
2013-07-31,45.80,45.85,44.20,44.25,905000,43.13
2013-07-30,46.20,46.30,45.60,45.60,591000,44.44
2013-07-29,46.20,46.50,45.60,45.90,873000,44.73
2013-07-26,45.35,46.20,45.20,46.00,1258000,44.83
2013-07-25,46.30,46.40,45.25,45.25,1189000,44.10
2013-07-24,44.50,46.40,44.50,45.85,1888000,44.69
2013-07-23,44.50,44.90,43.80,44.35,511000,43.22
2013-07-22,44.20,45.30,43.35,44.40,1221000,43.27
2013-07-19,43.90,44.30,42.70,42.90,918000,41.81
2013-07-18,44.50,45.10,43.55,43.90,1307000,42.79
2013-07-17,42.50,43.45,42.50,42.85,1222000,41.76
2013-07-16,42.50,42.50,42.10,42.30,632000,41.23
2013-07-15,42.00,42.55,41.90,42.30,1294000,41.23
2013-07-12,41.60,42.00,41.30,41.80,548000,40.74
2013-07-11,41.00,41.60,41.00,41.60,325000,40.54
2013-07-10,40.60,41.50,40.60,40.95,359000,39.91
2013-07-09,40.20,40.55,40.15,40.40,322000,39.37
2013-07-08,42.60,42.80,42.00,42.00,417000,39.76
2013-07-05,42.10,42.50,42.10,42.35,244000,40.10
2013-07-04,42.60,42.60,42.10,42.10,128000,39.86
2013-07-03,42.20,42.55,42.20,42.20,107000,39.95
2013-07-02,43.00,43.00,42.20,42.40,227000,40.14
2013-07-01,42.00,42.70,42.00,42.50,209000,40.24
2013-06-28,41.60,42.00,41.50,42.00,184000,39.76
2013-06-27,41.35,41.60,41.35,41.50,92000,39.29
2013-06-26,41.55,41.60,41.10,41.30,296000,39.10
2013-06-25,41.45,41.50,41.00,41.00,477000,38.82
2013-06-24,41.40,41.80,41.40,41.55,223000,39.34
2013-06-21,41.25,42.50,41.25,41.30,995000,39.10
2013-06-20,42.50,42.50,41.50,42.00,666000,39.76
2013-06-19,43.00,43.75,42.55,42.60,1247000,38.97
2013-06-18,43.05,43.10,42.75,43.00,421000,39.33
2013-06-17,42.50,43.00,42.40,43.00,468000,39.33
2013-06-14,42.50,42.60,42.30,42.45,356000,38.83
2013-06-13,42.35,42.55,42.25,42.40,323000,38.79
2013-06-12,42.45,42.45,42.45,42.45,000,38.83
2013-06-11,42.45,42.45,42.20,42.45,181000,38.83
2013-06-10,42.25,42.50,42.15,42.40,150000,38.79
2013-06-07,42.50,42.60,42.00,42.10,253000,38.51
2013-06-06,42.30,42.50,42.15,42.30,389000,38.69
2013-06-05,42.65,43.00,42.35,42.60,459000,38.97
2013-06-04,42.80,43.25,42.40,42.65,954000,39.01
2013-06-03,41.90,42.00,41.70,41.80,215000,38.24
2013-05-31,41.85,41.95,41.70,41.90,245000,38.33
2013-05-30,41.75,41.85,41.60,41.85,142000,38.28
2013-05-29,41.60,41.90,41.60,41.80,165000,38.24
2013-05-28,41.55,41.80,41.50,41.60,112000,38.05
2013-05-27,41.45,41.85,41.45,41.50,158000,37.96
2013-05-24,41.45,41.50,41.25,41.45,195000,37.92
2013-05-23,41.70,41.75,41.35,41.45,166000,37.92
2013-05-22,42.00,42.10,41.75,41.75,234000,38.19
2013-05-21,41.95,42.15,41.80,42.00,138000,38.42
2013-05-20,41.50,42.00,41.50,41.95,326000,38.37
2013-05-17,41.35,41.75,41.35,41.50,134000,37.96
2013-05-16,41.60,41.80,41.35,41.35,214000,37.83
2013-05-15,41.50,41.80,41.45,41.60,283000,38.05
2013-05-14,41.40,41.45,41.25,41.45,154000,37.92
2013-05-13,41.40,41.40,41.15,41.35,105000,37.83
2013-05-10,41.10,41.30,40.80,41.20,123000,37.69
2013-05-09,41.15,41.20,41.00,41.10,68000,37.60
2013-05-08,40.95,41.35,40.90,41.10,100000,37.60
2013-05-07,41.30,41.30,40.85,40.95,159000,37.46
2013-05-06,41.20,41.40,41.00,41.00,86000,37.50
2013-05-03,41.20,41.35,41.05,41.05,136000,37.55
2013-05-02,41.20,41.30,40.95,41.20,83000,37.69
2013-05-01,41.20,41.20,41.20,41.20,000,37.69
2013-04-30,41.50,41.50,41.00,41.20,80000,37.69
2013-04-29,41.20,41.30,40.85,41.00,352000,37.50
2013-04-26,41.65,41.65,41.05,41.05,161000,37.55
2013-04-25,42.00,42.20,41.50,41.65,482000,38.10
2013-04-24,41.00,41.00,40.75,41.00,118000,37.50
2013-04-23,40.80,40.80,40.75,40.75,123000,37.28
2013-04-22,40.75,41.20,40.75,40.80,231000,37.32
2013-04-19,40.70,41.20,40.70,40.75,512000,37.28
2013-04-18,40.70,41.00,40.70,40.75,167000,37.28
2013-04-17,41.00,41.00,40.75,40.75,250000,37.28
2013-04-16,40.80,41.10,40.70,40.95,240000,37.46
2013-04-15,41.40,41.65,40.80,40.85,509000,37.37
2013-04-12,41.45,41.45,41.10,41.40,186000,37.87
2013-04-11,41.30,41.40,41.10,41.20,200000,37.69
2013-04-10,41.25,41.45,41.10,41.10,214000,37.60
2013-04-09,42.60,42.60,41.20,41.20,494000,37.69
2013-04-08,42.20,42.50,41.95,42.30,1151000,38.69
2013-04-05,41.90,41.90,41.90,41.90,000,38.33
2013-04-04,41.90,41.90,41.90,41.90,000,38.33
2013-04-03,41.50,42.30,41.45,41.90,722000,38.33
2013-04-02,41.25,41.50,41.25,41.30,102000,37.78
2013-04-01,41.60,41.90,41.20,41.35,242000,37.83
2013-03-29,41.45,41.50,41.30,41.30,101000,37.78
2013-03-28,41.30,41.50,41.25,41.45,95000,37.92
2013-03-27,41.25,41.70,41.20,41.20,178000,37.69
2013-03-26,41.55,41.55,41.20,41.20,167000,37.69
2013-03-25,41.10,41.70,41.10,41.50,192000,37.96
2013-03-22,41.25,41.40,41.10,41.40,163000,37.87
2013-03-21,41.50,41.50,41.00,41.25,409000,37.73
2013-03-20,41.20,41.50,41.00,41.20,190000,37.69
2013-03-19,41.10,41.50,41.10,41.25,122000,37.73
2013-03-18,41.10,41.40,41.05,41.05,215000,37.55
2013-03-15,41.30,41.50,41.10,41.10,225000,37.60
2013-03-14,41.50,41.55,41.15,41.25,146000,37.73
2013-03-13,41.05,41.70,41.05,41.45,581000,37.92
2013-03-12,41.20,41.80,41.05,41.05,547000,37.55
2013-03-11,41.45,41.45,41.10,41.20,319000,37.69
2013-03-08,41.50,41.50,41.30,41.30,356000,37.78
2013-03-07,41.30,41.70,41.20,41.45,247000,37.92
2013-03-06,42.05,42.40,41.20,41.30,357000,37.78
2013-03-05,41.80,42.35,41.70,42.00,1045000,38.42
2013-03-04,43.20,43.20,41.75,41.80,652000,38.24
2013-03-01,43.35,43.95,43.00,43.00,1830000,39.33
2013-02-28,42.15,42.15,42.15,42.15,000,38.56
2013-02-27,41.65,42.45,41.65,42.15,311000,38.56
2013-02-26,41.50,42.00,41.40,41.65,222000,38.10
2013-02-25,42.40,42.40,41.75,41.75,431000,38.19
2013-02-22,42.40,42.90,41.80,42.30,549000,38.69
2013-02-21,40.95,43.40,40.90,42.40,1442000,38.79
2013-02-20,41.20,41.20,40.75,40.85,281000,37.37
2013-02-19,41.05,41.20,40.85,40.90,205000,37.41
2013-02-18,41.30,41.30,40.70,41.00,237000,37.50
2013-02-15,40.90,40.90,40.90,40.90,000,37.41
2013-02-14,40.90,40.90,40.90,40.90,000,37.41
2013-02-13,40.90,40.90,40.90,40.90,000,37.41
2013-02-12,40.90,40.90,40.90,40.90,000,37.41
2013-02-11,40.90,40.90,40.90,40.90,000,37.41
2013-02-08,40.90,40.90,40.90,40.90,000,37.41
2013-02-07,40.90,40.90,40.90,40.90,000,37.41
2013-02-06,40.90,41.05,40.85,40.90,229000,37.41
2013-02-05,41.00,41.00,40.75,40.85,237000,37.37
2013-02-04,41.00,41.60,40.80,41.15,360000,37.64
2013-02-01,41.00,41.35,40.80,40.90,272000,37.41
2013-01-31,41.00,41.40,40.90,41.00,94000,37.50
2013-01-30,40.95,41.00,40.85,41.00,168000,37.50
2013-01-29,40.80,41.00,40.80,40.95,109000,37.46
2013-01-28,40.80,41.00,40.80,40.80,75000,37.32
2013-01-25,40.75,40.90,40.70,40.80,141000,37.32
2013-01-24,40.90,40.90,40.75,40.75,122000,37.28
2013-01-23,40.80,41.00,40.65,40.95,248000,37.46
2013-01-22,40.80,40.85,40.70,40.75,139000,37.28
2013-01-21,40.60,40.85,40.60,40.70,59000,37.23
2013-01-18,40.50,40.95,40.50,40.60,162000,37.14
2013-01-17,40.80,41.10,40.50,40.50,390000,37.05
2013-01-16,41.00,41.30,40.80,40.80,215000,37.32
2013-01-15,41.50,41.60,40.95,41.10,230000,37.60
2013-01-14,40.90,41.45,40.80,41.30,384000,37.78
2013-01-11,40.80,40.90,40.75,40.75,192000,37.28
2013-01-10,41.10,41.10,40.80,40.80,277000,37.32
2013-01-09,40.90,41.20,40.80,40.95,142000,37.46
2013-01-08,41.00,41.30,40.90,40.90,122000,37.41
2013-01-07,41.00,41.10,40.90,40.90,205000,37.41
2013-01-04,40.60,41.10,40.60,41.00,213000,37.50
2013-01-03,41.05,41.35,41.05,41.15,249000,37.64
2013-01-02,41.40,41.40,41.00,41.05,125000,37.55
2013-01-01,40.75,40.75,40.75,40.75,000,37.28
2012-12-31,40.75,40.75,40.75,40.75,000,37.28
2012-12-28,40.50,41.30,40.50,40.75,109000,37.28
2012-12-27,41.10,41.10,40.65,40.90,113000,37.41
2012-12-26,40.90,41.45,40.80,41.10,235000,37.60
2012-12-25,41.80,41.80,40.70,40.90,202000,37.41
2012-12-24,40.65,41.65,40.55,41.20,468000,37.69
2012-12-21,40.60,40.90,40.10,40.25,338000,36.82
2012-12-20,41.50,42.00,40.50,40.60,563000,37.14
2012-12-19,41.60,42.50,41.25,41.30,1094000,37.78
2012-12-18,41.00,41.90,41.00,41.30,645000,37.78
2012-12-17,40.80,41.20,40.70,40.80,397000,37.32
2012-12-14,41.25,41.25,40.80,40.90,208000,37.41
2012-12-13,41.65,41.80,41.00,41.05,544000,37.55
2012-12-12,40.40,41.40,40.40,41.05,457000,37.55
2012-12-11,40.40,40.50,40.10,40.40,123000,36.96
2012-12-10,40.65,40.70,40.40,40.40,45000,36.96
2012-12-07,41.00,41.05,40.55,40.60,122000,37.14
2012-12-06,41.30,41.50,41.00,41.00,132000,37.50
2012-12-05,40.90,41.60,40.80,41.30,237000,37.78
2012-12-04,41.25,41.30,40.90,40.90,187000,37.41
2012-12-03,40.75,41.30,40.55,40.90,267000,37.41
2012-11-30,40.65,40.80,40.30,40.30,152000,36.86
2012-11-29,40.80,40.90,40.50,40.65,211000,37.18
2012-11-28,40.50,40.85,40.30,40.75,135000,37.28
2012-11-27,40.15,40.50,40.15,40.30,74000,36.86
2012-11-26,40.00,40.30,40.00,40.05,192000,36.64
2012-11-23,39.85,40.15,39.80,39.95,298000,36.54
2012-11-22,39.75,40.00,39.75,39.85,88000,36.45
2012-11-21,40.15,40.15,39.65,39.75,180000,36.36
2012-11-20,40.00,40.15,39.90,40.10,84000,36.68
2012-11-19,40.20,40.20,39.75,39.80,140000,36.41
2012-11-16,40.00,40.15,39.80,39.85,112000,36.45
2012-11-15,39.90,40.15,39.80,40.00,96000,36.59
2012-11-14,40.20,40.20,39.80,39.90,127000,36.50
2012-11-13,40.10,40.45,39.90,40.20,187000,36.77
2012-11-12,41.00,41.00,40.20,40.30,223000,36.86
2012-11-09,40.20,41.40,39.90,40.80,333000,37.32
2012-11-08,40.30,40.60,40.00,40.25,189000,36.82
2012-11-07,40.15,40.70,39.90,40.70,237000,37.23
2012-11-06,39.55,40.00,39.50,40.00,149000,36.59
2012-11-05,39.70,40.00,39.40,39.55,193000,36.18
2012-11-02,40.00,40.20,39.70,40.10,127000,36.68
2012-11-01,39.65,40.05,39.30,40.05,142000,36.64
2012-10-31,39.80,39.80,39.30,39.65,85000,36.27
2012-10-30,39.00,39.60,39.00,39.55,181000,36.18
2012-10-29,39.40,39.40,38.80,38.90,531000,35.58
2012-10-26,40.35,40.35,39.30,39.30,681000,35.95
2012-10-25,40.70,40.70,39.85,40.40,433000,36.96
2012-10-24,40.00,40.45,40.00,40.10,251000,36.68
2012-10-23,40.50,40.80,40.10,40.15,299000,36.73
2012-10-22,40.00,40.40,39.95,40.35,241000,36.91
2012-10-19,40.80,40.80,40.40,40.45,147000,37.00
2012-10-18,40.70,40.70,40.30,40.45,172000,37.00
2012-10-17,40.50,40.85,40.30,40.45,226000,37.00
2012-10-16,40.70,40.70,40.25,40.30,220000,36.86
2012-10-15,40.90,40.90,40.00,40.20,357000,36.77
2012-10-12,40.90,41.40,40.40,40.70,410000,37.23
2012-10-11,41.00,41.40,40.50,40.90,587000,37.41
2012-10-10,42.00,42.00,42.00,42.00,000,38.42
2012-10-09,42.80,42.80,42.00,42.00,574000,38.42
2012-10-08,43.00,43.90,42.50,42.80,1141000,39.15
2012-10-05,42.50,43.40,42.50,43.00,1060000,39.33
2012-10-04,43.15,43.15,42.20,42.30,515000,38.69
2012-10-03,43.00,43.20,42.45,42.55,481000,38.92
2012-10-02,44.00,44.00,43.00,43.00,903000,39.33
2012-10-01,42.35,43.80,42.35,43.80,1598000,40.07
2012-09-28,43.60,43.60,42.65,42.65,2017000,39.01
2012-09-27,41.20,43.60,40.90,43.60,4500000,39.88
2012-09-26,40.70,41.35,40.50,40.75,461000,37.28
2012-09-25,40.60,41.05,40.30,40.80,494000,37.32
2012-09-24,40.50,40.60,40.00,40.55,253000,37.09
2012-09-21,40.30,40.85,40.15,40.20,415000,36.77
2012-09-20,40.40,40.45,40.00,40.00,131000,36.59
2012-09-19,40.70,40.75,40.30,40.35,151000,36.91
2012-09-18,41.10,41.10,40.30,40.70,334000,37.23
2012-09-17,40.25,40.95,40.25,40.85,481000,37.37
2012-09-14,40.15,40.30,40.05,40.25,177000,36.82
2012-09-13,40.20,40.20,39.95,40.00,97000,36.59
2012-09-12,40.00,40.25,39.80,40.05,276000,36.64
2012-09-11,40.00,40.05,39.90,40.00,140000,36.59
2012-09-10,40.00,40.10,39.85,40.00,115000,36.59
2012-09-07,40.40,40.40,39.80,40.00,185000,36.59
2012-09-06,39.85,39.95,39.80,39.90,124000,36.50
2012-09-05,40.00,40.00,39.80,39.90,76000,36.50
2012-09-04,39.90,40.00,39.80,39.90,172000,36.50
2012-09-03,39.90,40.00,39.85,39.90,139000,36.50
2012-08-31,40.00,40.00,39.85,39.90,93000,36.50
2012-08-30,39.85,40.30,39.85,40.05,110000,36.64
2012-08-29,39.90,39.90,39.65,39.80,212000,36.41
2012-08-28,40.00,40.05,39.75,39.90,257000,36.50
2012-08-27,40.50,40.60,39.95,40.00,416000,36.59
2012-08-24,40.30,40.85,40.00,40.40,771000,36.96
2012-08-23,40.30,40.70,40.15,40.40,236000,36.96
2012-08-22,40.00,40.30,39.95,40.15,146000,36.73
2012-08-21,40.05,40.10,39.80,40.00,115000,36.59
2012-08-20,40.20,40.20,39.80,40.10,150000,36.68
2012-08-17,40.20,40.20,39.90,40.05,116000,36.64
2012-08-16,39.85,40.00,39.80,39.90,243000,36.50
2012-08-15,40.00,40.00,39.85,39.95,106000,36.54
2012-08-14,40.00,40.00,39.80,39.95,152000,36.54
2012-08-13,39.85,39.90,39.75,39.80,154000,36.41
2012-08-10,40.00,40.10,39.80,39.85,132000,36.45
2012-08-09,39.90,40.00,39.70,40.00,180000,36.59
2012-08-08,40.20,40.20,39.75,39.90,146000,36.50
2012-08-07,39.85,40.10,39.65,39.65,155000,36.27
2012-08-06,39.70,40.00,39.40,39.85,472000,36.45
2012-08-03,39.20,39.30,38.95,39.25,115000,35.90
2012-08-02,39.15,39.15,39.15,39.15,000,35.81
2012-08-01,38.85,39.15,38.85,39.15,205000,35.81
2012-07-31,39.00,39.15,38.70,39.05,307000,35.72
2012-07-30,39.20,39.30,38.95,39.00,222000,35.68
2012-07-27,39.20,39.50,38.90,39.10,155000,35.77
2012-07-26,39.30,39.30,38.80,39.10,125000,35.77
2012-07-25,39.00,39.20,38.85,39.05,116000,35.72
2012-07-24,39.00,39.10,38.95,39.10,175000,35.77
2012-07-23,39.00,39.30,38.85,39.25,214000,35.90
2012-07-20,39.00,39.35,39.00,39.00,87000,35.68
2012-07-19,39.20,39.55,39.20,39.40,126000,36.04
2012-07-18,39.10,39.30,39.10,39.20,60000,35.86
2012-07-17,39.00,39.10,38.80,39.10,115000,35.77
2012-07-16,39.00,39.10,38.55,39.00,95000,35.68
2012-07-13,39.00,39.35,38.85,39.05,98000,35.72
2012-07-12,39.50,39.55,38.85,39.35,102000,36.00
2012-07-11,39.50,39.50,39.30,39.40,97000,36.04
2012-07-10,39.40,39.70,39.35,39.50,124000,36.13
2012-07-09,39.70,39.70,39.35,39.55,94000,36.18
2012-07-06,39.60,39.80,39.10,39.70,283000,36.32
2012-07-05,39.90,40.40,39.35,39.60,787000,36.22
2012-07-04,41.85,41.90,41.35,41.35,705000,36.36
2012-07-03,41.50,41.80,41.20,41.50,574000,36.49
2012-07-02,40.80,41.75,40.50,41.50,391000,36.49
2012-06-29,40.65,41.20,40.55,40.95,258000,36.01
2012-06-28,40.65,40.65,40.40,40.65,166000,35.75
2012-06-27,40.25,40.70,40.10,40.65,181000,35.75
2012-06-26,40.35,40.35,40.00,40.30,141000,35.44
2012-06-25,40.20,40.35,40.05,40.35,158000,35.48
2012-06-22,40.00,40.60,39.80,40.60,134000,35.70
2012-06-21,40.30,40.80,40.20,40.20,350000,35.35
2012-06-20,40.00,40.40,40.00,40.20,353000,35.35
2012-06-19,40.10,40.10,39.55,39.80,125000,35.00
2012-06-18,39.60,40.15,39.10,40.10,432000,35.26
2012-06-15,40.15,40.20,37.90,37.90,702000,33.33
2012-06-14,40.00,40.15,39.85,40.15,131000,35.31
2012-06-13,39.95,40.20,39.80,40.15,77000,35.31
2012-06-12,39.80,39.95,39.70,39.90,66000,35.09
2012-06-11,40.20,40.20,39.70,39.80,308000,35.00
2012-06-08,40.00,40.00,39.60,39.80,199000,35.00
2012-06-07,40.50,40.50,39.80,40.00,125000,35.17
2012-06-06,40.20,40.50,40.05,40.05,122000,35.22
2012-06-05,39.60,40.20,39.60,40.20,138000,35.35
2012-06-04,39.60,39.80,39.20,39.60,282000,34.82
2012-06-01,40.75,40.75,39.70,40.25,292000,35.39
2012-05-31,40.50,40.75,40.20,40.75,133000,35.83
2012-05-30,41.30,41.30,40.40,40.65,96000,35.75
2012-05-29,40.75,41.25,40.60,41.25,137000,36.27
2012-05-28,40.40,40.75,40.20,40.75,46000,35.83
2012-05-25,40.15,40.40,40.05,40.40,82000,35.53
2012-05-24,40.25,40.45,40.10,40.15,101000,35.31
2012-05-23,40.50,40.60,40.20,40.25,99000,35.39
2012-05-22,40.55,40.55,40.20,40.50,88000,35.61
2012-05-21,40.60,40.60,40.00,40.55,103000,35.66
2012-05-18,40.50,40.70,40.05,40.70,201000,35.79
2012-05-17,40.40,40.80,40.30,40.80,106000,35.88
2012-05-16,40.90,40.90,40.30,40.60,198000,35.70
2012-05-15,40.95,40.95,40.25,40.90,308000,35.97
2012-05-14,40.95,41.05,40.70,41.05,181000,36.10
2012-05-11,41.50,41.50,40.90,40.95,148000,36.01
2012-05-10,41.00,41.70,40.90,41.50,128000,36.49
2012-05-09,40.90,41.40,40.90,41.30,144000,36.32
2012-05-08,41.25,41.30,41.00,41.20,93000,36.23
2012-05-07,40.80,41.25,40.80,41.25,167000,36.27
2012-05-04,41.00,41.50,40.90,41.40,116000,36.41
2012-05-03,41.50,41.50,41.05,41.50,98000,36.49
2012-05-02,40.85,41.60,40.60,41.50,255000,36.49
2012-05-01,40.85,40.85,40.85,40.85,000,35.92
2012-04-30,40.90,40.90,40.50,40.85,49000,35.92
2012-04-27,40.95,41.00,40.45,40.90,166000,35.97
2012-04-26,41.00,41.00,40.60,40.95,64000,36.01
2012-04-25,40.65,40.95,40.65,40.85,134000,35.92
2012-04-24,40.45,40.90,40.45,40.60,89000,35.70
2012-04-23,40.70,40.90,40.45,40.60,170000,35.70
2012-04-20,40.80,41.10,40.40,40.70,284000,35.79
2012-04-19,41.15,41.20,40.60,41.20,233000,36.23
2012-04-18,41.45,41.50,41.10,41.20,261000,36.23
2012-04-17,41.50,41.90,41.40,41.60,262000,36.58
2012-04-16,41.90,41.90,41.65,41.80,108000,36.76
2012-04-13,42.00,42.05,41.60,42.00,250000,36.93
2012-04-12,42.00,42.00,41.30,41.70,182000,36.67
2012-04-11,41.60,42.10,41.45,42.00,256000,36.93
2012-04-10,42.05,42.50,41.75,41.90,248000,36.85
2012-04-09,40.00,42.40,40.00,41.70,279000,36.67
2012-04-06,42.45,43.00,42.05,42.90,375000,37.72
2012-04-05,41.00,43.00,40.60,42.65,795000,37.50
2012-04-04,41.35,41.35,41.35,41.35,000,36.36
2012-04-03,41.10,41.45,41.00,41.35,396000,36.36
2012-04-02,41.80,41.80,41.10,41.10,223000,36.14
2012-03-30,41.20,41.80,41.10,41.80,313000,36.76
2012-03-29,42.60,42.60,41.25,41.50,680000,36.49
2012-03-28,42.60,42.95,42.55,42.60,166000,37.46
2012-03-27,42.85,42.90,42.55,42.60,195000,37.46
2012-03-26,42.60,43.00,42.35,42.85,358000,37.68
2012-03-23,42.60,42.80,42.55,42.60,111000,37.46
2012-03-22,42.50,42.80,42.45,42.80,192000,37.64
2012-03-21,42.70,42.90,42.45,42.50,179000,37.37
2012-03-20,43.30,43.40,42.70,42.70,208000,37.55
2012-03-19,42.80,43.70,42.65,43.10,656000,37.90
2012-03-16,42.50,42.60,42.20,42.30,214000,37.20
2012-03-15,43.30,43.30,42.60,42.65,209000,37.50
2012-03-14,42.55,43.20,42.55,43.00,504000,37.81
2012-03-13,42.40,42.65,42.00,42.45,294000,37.33
2012-03-12,42.20,42.40,41.80,42.30,301000,37.20
2012-03-09,42.80,42.80,42.05,42.35,314000,37.24
2012-03-08,42.50,42.60,42.15,42.35,531000,37.24
2012-03-07,41.90,42.85,41.90,42.45,462000,37.33
2012-03-06,43.60,43.60,42.10,42.50,924000,37.37
2012-03-05,44.00,44.05,43.50,43.55,951000,38.30
2012-03-02,43.10,43.30,42.80,42.85,806000,37.68
2012-03-01,43.20,43.50,42.90,43.10,340000,37.90
2012-02-29,42.90,43.50,42.80,43.20,519000,37.99
2012-02-28,42.75,42.75,42.75,42.75,000,37.59
2012-02-27,42.75,42.75,42.75,42.75,000,37.59
2012-02-24,43.00,43.00,42.30,42.75,350000,37.59
2012-02-23,43.40,43.70,42.80,42.90,632000,37.72
2012-02-22,42.95,43.45,42.95,43.30,380000,38.08
2012-02-21,43.50,43.50,42.80,42.95,448000,37.77
2012-02-20,43.40,43.40,43.00,43.30,402000,38.08
2012-02-17,44.60,44.80,42.60,43.00,1103000,37.81
2012-02-16,44.30,46.00,43.75,43.75,2023000,38.47
2012-02-15,44.30,45.10,44.00,44.20,1149000,38.87
2012-02-14,44.50,44.80,43.55,44.10,1754000,38.78
2012-02-13,42.95,44.40,42.95,44.00,1662000,38.69
2012-02-10,43.25,43.50,42.80,42.95,420000,37.77
2012-02-09,43.80,43.80,43.05,43.10,542000,37.90
2012-02-08,42.60,43.50,42.60,43.40,731000,38.16
2012-02-07,43.00,43.10,42.10,42.60,484000,37.46
2012-02-06,43.20,43.80,42.80,42.90,588000,37.72
2012-02-03,43.10,44.00,43.10,43.50,1147000,38.25
2012-02-02,43.90,44.20,42.60,43.50,1353000,38.25
2012-02-01,42.30,43.60,42.30,43.50,1499000,38.25
2012-01-31,41.40,42.30,41.30,42.05,953000,36.98
2012-01-30,40.90,41.50,40.60,41.00,527000,36.05
2012-01-27,40.40,40.40,40.40,40.40,000,35.53
2012-01-26,40.40,40.40,40.40,40.40,000,35.53
2012-01-25,40.40,40.40,40.40,40.40,000,35.53
2012-01-24,40.40,40.40,40.40,40.40,000,35.53
2012-01-23,40.40,40.40,40.40,40.40,000,35.53
2012-01-20,40.40,40.40,40.40,40.40,000,35.53
2012-01-19,40.40,40.40,40.40,40.40,000,35.53
2012-01-18,40.60,40.75,40.40,40.40,470000,35.53
2012-01-17,40.00,40.40,40.00,40.40,269000,35.53
2012-01-16,40.00,40.00,39.50,39.90,590000,35.09
2012-01-13,40.60,40.65,40.00,40.00,368000,35.17
2012-01-12,40.60,41.00,40.40,40.50,287000,35.61
2012-01-11,41.00,41.20,40.70,41.05,396000,36.10
2012-01-10,40.60,40.75,40.30,40.40,274000,35.53
2012-01-09,40.90,40.90,40.50,40.50,200000,35.61
2012-01-06,41.50,41.80,40.80,40.90,462000,35.97
2012-01-05,40.70,40.70,40.70,40.70,000,35.79
2012-01-04,40.70,40.70,40.70,40.70,000,35.79
2012-01-03,40.70,40.70,40.70,40.70,000,35.79
2012-01-02,40.70,40.70,40.70,40.70,000,35.79
2011-12-30,41.00,41.40,40.70,40.70,329000,35.79
2011-12-29,41.25,41.25,40.70,41.00,205000,36.05
2011-12-28,41.20,42.30,41.00,41.10,548000,36.14
2011-12-27,42.00,42.00,40.80,40.85,374000,35.92
2011-12-26,42.50,42.50,41.70,41.80,396000,36.76
2011-12-23,42.30,42.80,41.60,41.95,570000,36.89
2011-12-22,41.90,43.00,41.30,42.00,557000,36.93
2011-12-21,39.85,41.35,39.85,41.30,393000,36.32
2011-12-20,38.70,39.15,38.30,39.00,291000,34.29
2011-12-19,39.50,39.50,38.20,38.20,369000,33.59
2011-12-16,39.80,40.00,39.40,39.40,146000,34.65
2011-12-15,39.95,40.00,39.65,39.65,101000,34.87
2011-12-14,40.00,40.30,39.55,40.30,115000,35.44
2011-12-13,40.50,40.50,40.00,40.00,209000,35.17
2011-12-12,41.50,42.00,40.80,40.90,166000,35.97
2011-12-09,41.10,41.35,40.60,41.20,223000,36.23
2011-12-08,41.10,41.30,40.80,41.30,277000,36.32
2011-12-07,40.30,41.20,40.25,41.10,297000,36.14
2011-12-06,40.90,40.90,40.20,40.25,217000,35.39
2011-12-05,41.60,41.80,40.90,41.00,139000,36.05
2011-12-02,42.10,42.10,41.20,41.50,109000,36.49
2011-12-01,41.60,42.80,41.60,41.80,402000,36.76
2011-11-30,41.40,41.40,40.20,40.85,199000,35.92
2011-11-29,41.40,41.40,40.65,40.85,291000,35.92
2011-11-28,40.55,40.80,40.15,40.45,241000,35.57
2011-11-25,40.60,40.90,40.00,40.10,309000,35.26
2011-11-24,39.75,40.50,39.60,40.50,412000,35.61
2011-11-23,40.60,40.95,39.75,39.75,687000,34.95
2011-11-22,40.70,41.00,39.95,40.60,434000,35.70
2011-11-21,42.90,43.00,40.60,41.00,874000,36.05
2011-11-18,43.10,43.50,42.70,42.90,238000,37.72
2011-11-17,42.90,43.60,42.70,43.50,201000,38.25
2011-11-16,44.10,44.50,43.05,43.05,446000,37.86
2011-11-15,44.70,44.70,44.10,44.15,142000,38.82
2011-11-14,44.30,44.85,44.00,44.55,447000,39.18
2011-11-11,43.15,44.10,43.15,43.80,370000,38.52
2011-11-10,43.30,44.00,43.05,43.30,613000,38.08
2011-11-09,46.10,46.10,44.45,44.60,649000,39.22
2011-11-08,47.20,47.20,45.70,45.90,476000,40.36
2011-11-07,46.30,47.35,46.00,46.80,841000,41.15
2011-11-04,46.80,46.90,45.70,46.00,1090000,40.45
2011-11-03,46.80,47.20,45.50,45.95,872000,40.41
2011-11-02,46.00,46.80,45.65,46.60,891000,40.98
2011-11-01,46.55,47.20,46.00,46.60,1277000,40.98
2011-10-31,45.50,46.60,45.00,46.55,2336000,40.93
2011-10-28,45.55,45.90,44.65,45.00,1546000,39.57
2011-10-27,44.10,45.70,43.30,45.00,2654000,39.57
2011-10-26,42.00,43.75,41.70,43.70,2014000,38.43
2011-10-25,40.85,42.50,40.80,42.15,1757000,37.06
2011-10-24,40.50,40.75,40.35,40.60,666000,35.70
2011-10-21,39.80,40.15,39.80,39.90,454000,35.09
2011-10-20,40.45,40.55,40.00,40.15,550000,35.31
2011-10-19,41.00,41.00,40.10,40.45,645000,35.57
2011-10-18,40.40,40.70,40.20,40.55,679000,35.66
2011-10-17,40.85,41.30,40.55,41.10,1082000,36.14
2011-10-14,40.25,40.35,40.10,40.15,992000,35.31
2011-10-13,39.45,40.75,39.15,40.15,1292000,35.31
2011-10-12,39.30,39.30,38.90,39.00,426000,34.29
2011-10-11,39.50,39.80,38.95,39.30,925000,34.56
2011-10-07,38.70,38.70,38.70,38.70,802000,34.03
2011-10-06,38.50,38.90,38.30,38.50,317000,33.86
2011-10-05,38.50,38.70,38.20,38.35,222000,33.72
2011-10-04,38.20,38.70,38.20,38.40,253000,33.77
2011-10-03,38.90,39.00,37.85,39.00,614000,34.29
2011-09-30,39.00,39.20,38.55,39.00,448000,34.29
2011-09-29,38.70,39.20,38.50,38.80,424000,34.12
2011-09-28,38.60,39.50,38.00,38.85,587000,34.16
2011-09-27,38.50,39.10,37.80,37.90,590000,33.33
2011-09-26,39.00,39.00,37.90,37.90,624000,33.33
2011-09-23,40.50,40.50,39.40,39.70,515000,34.91
2011-09-22,41.00,41.30,40.55,41.30,734000,36.32
2011-09-21,39.60,41.60,39.30,41.30,817000,36.32
2011-09-20,39.40,39.75,39.00,39.30,113000,34.56
2011-09-19,40.00,40.00,39.40,39.40,201000,34.65
2011-09-16,39.80,40.00,39.65,40.00,256000,35.17
2011-09-15,38.90,39.85,38.90,39.25,289000,34.51
2011-09-14,39.60,39.85,38.15,38.60,462000,33.94
2011-09-13,40.00,40.00,39.50,39.50,431000,34.73
2011-09-09,39.80,40.50,39.80,40.30,206000,35.44
2011-09-08,40.80,41.00,39.90,40.30,393000,35.44
2011-09-07,39.50,41.00,39.10,40.75,678000,35.83
2011-09-06,39.55,39.90,39.00,39.10,713000,34.38
2011-09-05,40.40,40.40,39.70,40.10,395000,35.26
2011-09-02,41.20,41.45,41.00,41.00,532000,36.05
2011-09-01,42.00,42.25,41.10,41.10,814000,36.14
2011-08-31,41.90,41.90,41.10,41.80,416000,36.76
2011-08-30,42.50,42.50,41.75,41.85,440000,36.80
2011-08-29,41.25,41.70,41.20,41.40,265000,36.41
2011-08-26,41.00,41.80,40.60,41.25,496000,36.27
2011-08-25,42.00,43.00,41.50,41.50,653000,36.49
2011-08-24,42.20,42.35,41.35,41.95,630000,36.89
2011-08-23,40.00,42.00,40.00,42.00,874000,36.93
2011-08-22,39.25,40.00,38.35,39.40,838000,34.65
2011-08-19,40.00,40.10,39.10,39.25,1257000,34.51
2011-08-18,43.50,43.50,40.75,41.30,2982000,36.32
2011-08-17,44.70,45.50,43.55,43.80,1946000,38.52
2011-08-16,44.10,44.75,43.55,44.00,1756000,38.69
2011-08-15,44.45,44.45,43.10,43.45,1060000,38.21
2011-08-12,44.80,45.20,43.30,43.30,1050000,38.08
2011-08-11,44.50,44.50,42.60,44.10,2815000,38.78
2011-08-10,45.50,46.30,45.10,45.40,2222000,39.92
2011-08-09,41.45,45.60,41.45,45.00,4314000,39.57
2011-08-08,47.80,47.80,44.55,44.55,1793000,39.18
2011-08-05,47.90,48.70,47.90,47.90,2357000,42.12
2011-08-04,51.50,52.00,51.20,51.50,860000,45.29
2011-08-03,51.80,52.40,51.00,51.50,1338000,45.29
2011-08-02,52.80,54.10,52.70,52.70,2044000,46.34
2011-08-01,51.80,54.30,51.50,53.10,2531000,46.69
2011-07-29,52.90,53.20,51.60,51.60,1600000,45.37
2011-07-28,50.90,52.70,50.90,52.60,1694000,46.25
2011-07-27,52.30,52.70,51.10,51.40,1649000,45.20
2011-07-26,52.10,53.50,52.10,52.40,1696000,46.08
2011-07-25,53.20,54.00,51.90,52.10,1388000,45.81
2011-07-22,54.50,54.60,53.10,53.50,1935000,47.05
2011-07-21,55.70,56.90,54.00,54.20,3006000,47.66
2011-07-20,56.00,56.00,55.10,55.70,1736000,48.98
2011-07-19,56.00,56.20,54.90,55.70,1721000,48.98
2011-07-18,56.00,57.40,55.40,56.00,4851000,49.24
2011-07-15,51.70,55.40,51.70,55.40,4150000,48.72
2011-07-14,52.10,52.20,50.50,51.80,748000,45.55
2011-07-13,51.40,52.30,51.10,51.50,957000,45.29
2011-07-12,52.50,53.00,50.90,51.50,1560000,45.29
2011-07-11,52.40,53.20,51.60,52.00,1265000,45.73
2011-07-08,54.00,54.00,52.40,52.40,1137000,46.08
2011-07-07,52.40,54.40,51.90,53.40,2296000,46.96
2011-07-06,51.90,52.70,51.70,51.90,1332000,45.64
2011-07-05,53.80,53.80,51.90,51.90,1572000,45.64
2011-07-04,53.80,54.40,52.80,53.80,1710000,47.31
2011-07-01,52.70,55.00,52.70,53.80,3052000,47.31
2011-06-30,52.20,53.40,51.70,52.70,2436000,46.34
2011-06-29,50.50,52.40,50.20,52.20,2340000,45.90
2011-06-28,50.00,50.80,49.80,50.00,1797000,43.97
2011-06-27,49.80,51.90,49.50,51.00,1915000,43.58
2011-06-24,48.90,50.50,48.60,50.10,1323000,42.81
2011-06-23,49.30,49.30,48.40,48.90,538000,41.79
2011-06-22,46.40,49.10,46.20,49.10,1698000,41.96
2011-06-21,46.95,46.95,45.00,45.90,1677000,39.22
2011-06-20,48.20,48.75,45.60,46.10,1036000,39.39
2011-06-17,48.20,49.45,48.00,48.00,1039000,41.02
2011-06-16,49.20,49.20,48.00,48.00,650000,41.02
2011-06-15,49.00,49.60,48.75,49.10,1020000,41.96
2011-06-14,47.40,48.60,47.40,48.60,810000,41.53
2011-06-13,48.05,48.05,47.35,47.40,1968000,40.50
2011-06-10,50.90,50.90,48.00,48.60,2059000,41.53
2011-06-09,51.00,51.40,50.30,50.30,954000,42.98
2011-06-08,51.00,51.60,50.60,51.00,792000,43.58
2011-06-07,50.60,51.70,50.30,51.20,1133000,43.75
2011-06-03,51.40,51.40,50.20,50.50,2096000,43.15
2011-06-02,51.60,53.30,51.50,51.60,2132000,44.09
2011-06-01,51.50,52.30,51.00,51.90,1884000,44.35
2011-05-31,50.00,51.50,49.60,51.50,2982000,44.01
2011-05-30,49.30,51.00,49.30,50.00,6154000,42.73
2011-05-27,55.50,56.00,52.50,53.00,3727000,45.29
2011-05-26,55.50,56.50,55.10,55.50,2204000,47.43
2011-05-25,56.50,56.80,55.20,55.20,1651000,47.17
2011-05-24,58.00,58.00,54.00,57.00,3033000,48.71
2011-05-23,56.60,58.30,56.00,57.60,2837000,49.22
2011-05-20,57.60,58.80,56.50,56.60,2380000,48.37
2011-05-19,56.60,59.60,55.90,57.10,10891000,48.79
2011-05-18,53.40,56.80,53.20,56.50,5655000,48.28
2011-05-17,54.00,54.50,52.60,53.10,1445000,45.38
2011-05-16,53.60,54.70,52.90,53.90,2997000,46.06
2011-05-13,56.10,56.10,53.00,53.90,5707000,46.06
2011-05-12,58.00,59.30,56.20,56.30,5113000,48.11
2011-05-11,58.20,58.20,56.00,56.90,2903000,48.62
2011-05-10,56.50,58.20,56.40,57.30,4710000,48.96
2011-05-09,56.40,58.30,55.80,56.40,5385000,48.20
2011-05-06,55.20,56.40,54.20,56.40,5217000,48.20
2011-05-05,54.00,56.40,52.40,55.20,8034000,47.17
2011-05-04,53.80,56.60,52.40,54.00,8429000,46.14
2011-05-03,50.90,53.50,50.00,53.50,10011000,45.72
2011-04-29,47.60,50.30,47.55,50.00,7469000,42.73
2011-04-28,46.80,47.35,46.60,47.10,1370000,40.25
2011-04-27,46.80,47.30,46.10,46.80,1805000,39.99
2011-04-26,46.65,48.20,46.35,46.65,6098000,39.86
2011-04-25,45.30,47.30,45.30,46.45,3886000,39.69
2011-04-22,45.00,45.50,44.50,44.90,3156000,38.37
2011-04-21,44.00,46.00,43.80,44.80,5501000,38.28
2011-04-20,41.50,44.00,41.20,43.40,3836000,37.09
2011-04-19,40.15,41.50,40.15,41.20,1514000,35.21
2011-04-18,40.10,40.50,40.00,40.15,426000,34.31
2011-04-15,40.50,40.70,40.10,40.30,208000,34.44
2011-04-14,40.25,40.50,40.15,40.20,236000,34.35
2011-04-13,40.20,40.30,40.05,40.30,194000,34.44
2011-04-12,40.15,40.30,40.00,40.20,343000,34.35
2011-04-11,40.50,40.50,40.00,40.10,547000,34.27
2011-04-08,40.00,40.55,40.00,40.30,571000,34.44
2011-04-07,40.60,40.65,40.20,40.50,392000,34.61
2011-04-06,40.55,41.00,40.50,40.70,387000,34.78
2011-04-01,40.30,40.50,40.10,40.45,218000,34.57
2011-03-31,40.00,40.20,40.00,40.00,149000,34.18
2011-03-30,40.00,40.25,39.90,40.00,439000,34.18
2011-03-29,39.85,40.10,39.70,40.00,141000,34.18
2011-03-28,40.10,40.15,39.80,39.85,349000,34.05
2011-03-25,40.10,40.20,40.00,40.05,282000,34.22
2011-03-24,40.15,40.20,40.00,40.05,462000,34.22
2011-03-23,40.35,40.35,40.00,40.15,173000,34.31
2011-03-22,40.20,40.45,40.00,40.35,402000,34.48
2011-03-21,40.00,40.20,39.70,40.10,292000,34.27
2011-03-18,39.40,40.00,39.40,39.95,259000,34.14
2011-03-17,39.50,39.50,39.05,39.40,316000,33.67
2011-03-16,39.50,39.50,39.05,39.50,420000,33.75
2011-03-15,40.20,40.20,38.00,39.40,669000,33.67
2011-03-14,40.15,40.50,40.00,40.20,404000,34.35
2011-03-11,40.00,40.15,39.85,40.15,376000,34.31
2011-03-10,40.45,40.45,40.10,40.15,242000,34.31
2011-03-09,40.50,40.50,39.80,40.25,1030000,34.39
2011-03-08,40.30,40.60,40.05,40.25,405000,34.39
2011-03-07,40.10,40.70,40.00,40.35,336000,34.48
2011-03-04,40.60,40.85,40.05,40.10,372000,34.27
2011-03-03,40.25,40.65,40.10,40.40,289000,34.52
2011-03-02,40.40,40.40,40.05,40.25,242000,34.39
2011-03-01,40.25,40.80,40.25,40.50,263000,34.61
2011-02-25,40.20,40.20,39.90,40.20,272000,34.35
2011-02-24,40.10,40.50,40.00,40.00,542000,34.18
2011-02-23,40.90,41.00,39.85,40.10,812000,34.27
2011-02-22,41.45,41.60,41.00,41.05,607000,35.08
2011-02-21,40.75,41.85,40.70,41.45,869000,35.42
2011-02-18,40.50,40.90,40.50,40.55,282000,34.65
2011-02-17,40.90,40.90,40.40,40.45,329000,34.57
2011-02-16,40.20,41.15,40.15,40.35,309000,34.48
2011-02-15,39.80,40.50,39.75,40.10,281000,34.27
2011-02-14,40.25,40.30,39.70,40.00,503000,34.18
2011-02-11,40.90,40.95,40.00,40.00,691000,34.18
2011-02-10,41.00,41.15,40.75,40.95,492000,34.99
2011-02-09,40.65,41.45,40.65,41.00,653000,35.04
2011-02-08,41.80,41.80,40.60,40.60,729000,34.69
2011-01-28,41.10,41.80,41.10,41.30,617000,35.29
2011-01-27,41.20,41.40,41.05,41.30,515000,35.29
2011-01-26,41.00,41.40,40.90,41.10,448000,35.12
2011-01-25,41.20,41.30,40.90,41.00,582000,35.04
2011-01-24,41.10,41.40,41.00,41.05,406000,35.08
2011-01-21,41.60,41.60,40.80,41.10,903000,35.12
2011-01-20,41.00,42.20,41.00,41.80,2421000,35.72
2011-01-19,40.25,40.65,40.00,40.65,544000,34.74
2011-01-18,40.35,40.70,40.15,40.20,397000,34.35
2011-01-17,40.50,40.60,39.95,40.35,372000,34.48
2011-01-14,40.00,40.45,39.70,40.00,474000,34.18
2011-01-13,40.00,40.20,39.70,40.00,298000,34.18
2011-01-12,40.15,40.40,39.70,40.30,383000,34.44
2011-01-11,39.40,40.15,39.40,39.95,402000,34.14
2011-01-10,40.00,40.10,39.20,39.45,366000,33.71
2011-01-07,40.10,40.40,39.50,40.05,431000,34.22
2011-01-06,40.05,40.30,39.70,40.20,497000,34.35
2011-01-05,40.70,40.70,39.80,40.00,643000,34.18
2011-01-04,40.90,40.90,40.20,40.40,521000,34.52
2011-01-03,41.40,41.40,39.40,40.00,731000,34.18
2010-12-21,41.25,41.50,40.65,41.50,910000,35.46
2010-12-20,41.60,41.80,41.00,41.25,717000,35.25
2010-12-17,41.60,41.60,41.00,41.20,791000,35.21
2010-12-16,41.00,41.70,41.00,41.55,1579000,35.51
2010-12-15,41.00,41.35,40.75,41.00,692000,35.04
2010-12-14,41.00,41.40,40.70,40.85,827000,34.91
2010-12-13,41.15,41.30,40.60,40.90,645000,34.95
2010-12-10,40.40,40.90,40.40,40.85,691000,34.91
2010-12-09,41.10,41.30,40.50,40.50,1383000,34.61
2010-12-08,41.00,41.35,40.90,41.10,680000,35.12
2010-12-07,41.30,41.40,40.95,41.00,545000,35.04
2010-12-06,41.00,41.15,40.70,40.85,755000,34.91
2010-12-03,41.30,41.55,40.50,40.85,1638000,34.91
2010-12-02,42.20,42.20,40.90,41.30,2041000,35.29
2010-12-01,42.50,42.70,41.95,42.20,1594000,36.06
2010-11-30,42.35,42.70,41.80,42.10,1535000,35.98
2010-11-29,41.80,42.90,41.55,42.35,2823000,36.19
2010-11-26,41.50,41.65,41.05,41.10,884000,35.12
2010-11-25,41.50,41.80,41.10,41.10,728000,35.12
2010-11-24,41.80,42.35,41.50,41.50,900000,35.46
2010-11-23,41.55,42.20,41.10,41.80,965000,35.72
2010-11-22,41.65,42.00,41.30,41.55,315000,35.51
2010-11-19,41.50,41.70,41.30,41.30,1025000,35.29
2010-11-18,41.60,42.35,41.40,41.50,1823000,35.46
2010-11-17,40.00,41.40,39.60,41.00,1233000,35.04
2010-11-16,40.15,40.50,39.90,40.00,628000,34.18
2010-11-15,40.55,40.90,40.05,40.05,740000,34.22
2010-11-12,40.80,41.30,40.55,40.55,675000,34.65
2010-11-11,41.10,41.45,40.60,40.80,675000,34.86
2010-11-10,41.90,42.00,41.05,41.10,772000,35.12
2010-11-09,41.00,42.10,40.85,41.40,1725000,35.38
2010-11-08,40.55,40.85,40.25,40.85,920000,34.91
2010-11-05,40.50,40.50,39.95,40.05,856000,34.22
2010-11-04,39.10,40.20,39.10,39.95,1088000,34.14
2010-11-03,39.85,40.20,38.95,39.10,1758000,33.41
2010-11-02,40.45,41.00,39.60,39.60,1466000,33.84
2010-11-01,41.00,41.30,40.40,40.45,1199000,34.57
2010-10-29,41.35,41.50,41.00,41.00,698000,35.04
2010-10-28,42.00,42.00,41.10,41.35,1150000,35.33
2010-10-27,42.00,42.90,41.85,41.85,1437000,35.76
2010-10-26,42.00,42.35,41.55,41.80,1042000,35.72
2010-10-25,42.10,42.55,41.60,41.90,1231000,35.80
2010-10-22,42.35,42.80,42.10,42.10,961000,35.98
2010-10-21,42.90,42.90,42.00,42.05,1318000,35.93
2010-10-20,41.80,43.00,41.80,42.30,1863000,36.15
2010-10-19,42.40,43.50,42.30,42.30,2362000,36.15
2010-10-18,42.60,44.40,42.10,42.40,5062000,36.23
2010-10-15,42.45,43.30,41.75,41.75,3203000,35.68
2010-10-14,43.00,43.10,42.10,42.35,2492000,36.19
2010-10-13,41.40,43.15,41.40,42.70,3769000,36.49
2010-10-12,40.90,42.00,40.90,41.20,1344000,35.21
2010-10-11,40.85,41.70,40.70,40.90,1672000,34.95
2010-10-08,42.00,42.00,40.60,40.65,1545000,34.74
2010-10-07,42.10,42.50,41.40,41.40,2354000,35.38
2010-10-06,42.65,43.20,41.95,41.95,3448000,35.85
2010-10-05,43.05,43.50,41.45,42.20,3133000,36.06
2010-10-04,42.80,44.50,42.60,43.05,6817000,36.79
2010-10-01,41.25,42.50,41.25,42.10,2924000,35.98
2010-09-30,42.30,42.50,41.25,41.25,2205000,35.25
2010-09-29,40.70,42.80,40.40,42.00,6090000,35.89
2010-09-28,40.00,40.50,39.60,40.35,2652000,34.48
2010-09-27,40.50,40.70,38.95,39.30,2228000,33.58
2010-09-24,41.00,41.00,39.70,39.80,2748000,34.01
2010-09-23,40.20,41.70,39.50,40.50,5602000,34.61
2010-09-22,39.90,39.90,39.90,39.90,000,34.10
2010-09-21,40.50,41.00,39.50,39.90,4315000,34.10
2010-09-20,38.00,40.55,37.95,40.00,5571000,34.18
2010-09-17,38.80,38.80,37.85,37.90,2358000,32.39
2010-09-16,38.20,39.35,38.20,38.35,6247000,32.77
2010-09-15,36.70,38.45,36.50,38.00,5056000,32.47
2010-09-14,35.90,36.40,35.85,36.40,1882000,31.10
2010-09-13,35.50,35.70,35.35,35.70,415000,30.51
2010-09-10,35.70,35.85,35.20,35.20,1081000,30.08
2010-09-09,36.90,37.00,35.40,35.50,1712000,30.34
2010-09-08,36.20,37.55,36.20,36.65,3309000,31.32
2010-09-07,36.55,36.90,36.10,36.20,1277000,30.93
2010-09-06,35.90,36.80,35.90,36.55,2533000,31.23
2010-09-03,35.60,36.30,35.40,35.70,1804000,30.51
2010-09-02,34.90,35.50,34.70,35.10,868000,29.99
2010-09-01,34.30,34.50,34.20,34.50,182000,29.48
2010-08-31,34.10,34.70,33.90,34.05,492000,29.10
2010-08-30,34.50,34.70,34.25,34.35,532000,29.35
2010-08-27,34.20,34.55,34.00,34.15,309000,29.18
2010-08-26,34.50,34.60,33.60,33.85,598000,28.93
2010-08-25,35.40,35.40,34.45,34.50,947000,29.48
2010-08-24,35.90,35.90,35.50,35.55,690000,30.38
2010-08-23,35.35,36.55,35.35,35.90,2349000,30.68
2010-08-20,35.40,35.50,34.95,35.25,840000,30.12
2010-08-19,35.00,35.75,34.95,35.40,1409000,30.25
2010-08-18,34.80,35.30,34.70,34.90,913000,29.82
2010-08-17,35.40,35.45,34.70,34.75,602000,29.69
2010-08-16,34.20,35.20,34.00,35.20,1046000,30.08
2010-08-13,34.20,34.40,34.00,34.20,344000,29.22
2010-08-12,34.00,34.30,33.95,34.00,712000,29.05
2010-08-11,34.80,34.80,34.45,34.45,505000,29.44
2010-08-10,34.55,35.50,34.55,34.80,1173000,29.74
2010-08-09,34.50,34.60,34.35,34.35,469000,29.35
2010-08-06,34.20,34.50,34.00,34.30,395000,29.31
2010-08-05,34.90,34.90,34.15,34.15,839000,29.18
2010-08-04,34.50,35.00,34.25,34.60,1394000,29.57
2010-08-03,34.15,34.45,33.95,34.00,634000,29.05
2010-08-02,34.00,34.15,33.90,33.95,577000,29.01
2010-07-30,33.70,34.00,33.55,33.80,377000,28.88
2010-07-29,33.85,34.20,33.65,33.65,407000,28.75
2010-07-28,34.15,34.20,33.80,33.85,622000,28.93
2010-07-27,34.00,34.60,33.90,33.95,1229000,29.01
2010-07-26,34.00,34.00,33.65,33.80,579000,28.88
2010-07-23,33.90,34.10,33.60,33.85,872000,28.93
2010-07-22,33.75,33.90,33.40,33.45,301000,28.58
2010-07-21,33.75,33.90,33.45,33.65,332000,28.75
2010-07-20,33.80,33.80,33.50,33.60,346000,28.71
2010-07-19,33.70,33.90,33.40,33.65,592000,28.75
2010-07-16,33.20,34.20,33.20,33.65,2209000,28.75
2010-07-15,32.40,33.05,32.40,32.95,781000,28.16
2010-07-14,32.90,32.95,32.50,32.50,198000,27.77
2010-07-13,32.90,32.90,32.50,32.50,202000,27.77
2010-07-12,32.60,32.85,32.60,32.65,193000,27.90
2010-07-09,32.60,32.90,32.30,32.60,463000,27.86
2010-07-08,32.45,32.70,32.35,32.40,508000,27.69
2010-07-07,32.60,32.70,32.30,32.45,380000,27.73
2010-07-06,32.10,32.70,32.10,32.60,456000,27.86
2010-07-05,32.10,32.80,32.10,32.80,291000,28.03
2010-07-02,32.20,32.30,32.00,32.05,281000,27.39
2010-07-01,32.10,32.35,32.05,32.05,311000,27.39
2010-06-30,31.95,32.20,31.70,32.10,593000,27.43
2010-06-29,33.15,33.30,32.60,32.60,466000,27.86
2010-06-28,32.75,33.15,32.75,33.05,411000,28.24
2010-06-25,33.00,33.00,32.70,32.75,742000,27.99
2010-06-24,34.95,35.00,34.60,34.70,1695000,28.63
2010-06-23,34.90,35.20,34.60,34.90,1075000,28.79
2010-06-22,34.60,34.95,34.50,34.90,419000,28.79
2010-06-21,34.50,34.65,34.30,34.65,534000,28.59
2010-06-18,34.40,34.40,34.10,34.30,327000,28.30
2010-06-17,34.20,34.40,34.00,34.00,631000,28.05
2010-06-16,33.90,33.90,33.90,33.90,000,27.97
2010-06-15,33.80,34.05,33.70,33.90,349000,27.97
2010-06-14,33.70,33.80,33.55,33.70,207000,27.80
2010-06-11,33.50,33.65,33.35,33.50,394000,27.64
2010-06-10,33.00,33.45,33.00,33.40,154000,27.55
2010-06-09,33.50,33.50,32.90,33.30,267000,27.47
2010-06-08,33.65,33.65,33.10,33.35,152000,27.51
2010-06-07,33.10,33.40,32.70,33.40,409000,27.55
2010-06-04,33.40,33.55,33.30,33.40,216000,27.55
2010-06-03,33.35,33.80,33.30,33.50,241000,27.64
2010-06-02,33.50,33.65,33.10,33.15,241000,27.35
2010-06-01,33.75,33.90,33.40,33.60,270000,27.72
2010-05-31,33.50,33.85,33.25,33.75,271000,27.84
2010-05-28,33.80,33.80,33.45,33.50,329000,27.64
2010-05-27,33.30,33.75,33.30,33.45,194000,27.60
2010-05-26,33.20,33.80,33.20,33.30,587000,27.47
2010-05-25,32.60,33.10,32.20,32.65,414000,26.94
2010-05-24,33.00,33.10,32.85,33.00,253000,27.22
2010-05-21,32.60,33.00,32.40,32.80,443000,27.06
2010-05-20,33.60,33.95,33.40,33.40,336000,27.55
2010-05-19,34.00,34.00,33.50,33.65,475000,27.76
2010-05-18,33.00,33.90,33.00,33.60,407000,27.72
2010-05-17,33.45,33.50,33.00,33.05,227000,27.27
2010-05-14,33.50,33.65,33.35,33.45,150000,27.60
2010-05-13,33.45,33.65,33.30,33.55,306000,27.68
2010-05-12,33.20,33.45,33.10,33.10,295000,27.31
2010-05-11,33.80,33.95,33.10,33.15,534000,27.35
2010-05-10,32.80,33.95,32.80,33.65,599000,27.76
2010-05-07,32.60,33.00,32.40,32.80,701000,27.06
2010-05-06,33.30,33.50,33.00,33.00,677000,27.22
2010-05-05,33.80,33.90,33.30,33.30,736000,27.47
2010-05-04,35.00,35.00,34.20,34.35,500000,28.34
2010-05-03,34.50,34.95,34.50,34.75,314000,28.67
2010-04-30,35.45,35.50,34.65,35.00,618000,28.87
2010-04-29,35.55,35.55,35.15,35.25,413000,29.08
2010-04-28,35.45,35.50,35.00,35.20,1001000,29.04
2010-04-27,35.75,36.30,35.55,35.85,977000,29.58
2010-04-26,36.10,36.15,35.55,35.55,684000,29.33
2010-04-23,35.60,35.80,35.35,35.80,673000,29.53
2010-04-22,35.80,35.95,35.20,35.45,632000,29.25
2010-04-21,35.20,36.30,35.20,35.80,1388000,29.53
2010-04-20,35.90,36.00,35.10,35.20,565000,29.04
2010-04-19,35.60,36.15,34.50,35.00,991000,28.87
2010-04-16,36.40,36.40,35.85,35.85,776000,29.58
2010-04-15,36.50,36.50,36.00,36.00,892000,29.70
2010-04-14,35.55,36.45,35.55,36.30,1370000,29.95
2010-04-13,36.10,36.10,35.55,35.55,540000,29.33
2010-04-12,36.20,36.60,35.80,36.00,1407000,29.70
2010-04-09,35.50,35.85,35.10,35.80,470000,29.53
2010-04-08,35.80,35.90,35.30,35.40,466000,29.20
2010-04-07,35.85,35.95,35.55,35.80,350000,29.53
2010-04-06,35.55,36.15,35.50,35.80,432000,29.53
2010-04-05,35.50,35.50,35.50,35.50,000,29.29
2010-04-02,35.50,35.80,35.40,35.50,279000,29.29
2010-04-01,35.60,35.85,35.50,35.55,715000,29.33
2010-03-31,35.80,36.10,35.30,35.60,970000,29.37
2010-03-30,36.10,36.45,35.75,35.75,1075000,29.49
2010-03-29,36.60,36.80,36.05,36.05,1376000,29.74
2010-03-26,36.50,37.30,35.90,36.60,3637000,30.19
2010-03-25,35.65,35.80,35.30,35.30,860000,29.12
2010-03-24,36.90,37.00,36.00,36.00,1066000,29.70
2010-03-23,36.60,37.10,36.10,36.50,3736000,30.11
2010-03-22,34.90,35.20,34.55,35.10,490000,28.96
2010-03-19,34.75,34.95,34.50,34.65,275000,28.59
2010-03-18,34.70,34.90,34.65,34.65,318000,28.59
2010-03-17,35.00,35.00,34.50,34.70,309000,28.63
2010-03-16,34.75,34.75,34.30,34.55,241000,28.50
2010-03-15,34.30,34.80,34.15,34.15,314000,28.17
2010-03-12,34.80,35.00,34.30,34.30,475000,28.30
2010-03-11,35.20,35.80,34.80,34.80,1500000,28.71
2010-03-10,34.10,35.10,34.10,35.00,804000,28.87
2010-03-09,34.40,34.40,34.05,34.20,173000,28.21
2010-03-08,34.25,34.60,34.25,34.40,984000,28.38
2010-03-05,33.80,34.30,33.60,34.05,632000,28.09
2010-03-04,33.50,33.80,33.40,33.40,376000,27.55
2010-03-03,33.60,33.70,33.35,33.45,414000,27.60
2010-03-02,33.30,33.65,33.30,33.50,299000,27.64
2010-03-01,33.00,33.35,33.00,33.30,307000,27.47
2010-02-26,32.85,33.50,32.80,32.80,519000,27.06
2010-02-25,32.95,33.10,32.80,32.85,146000,27.10
2010-02-24,32.95,33.00,32.60,32.95,133000,27.18
2010-02-23,33.20,33.30,32.70,33.00,241000,27.22
2010-02-22,33.60,33.70,33.20,33.30,240000,27.47
2010-02-19,33.20,33.20,33.20,33.20,000,27.39
2010-02-18,33.20,33.20,33.20,33.20,000,27.39
2010-02-17,33.20,33.20,33.20,33.20,000,27.39
2010-02-16,33.20,33.20,33.20,33.20,000,27.39
2010-02-15,33.20,33.20,33.20,33.20,000,27.39
2010-02-12,33.20,33.20,33.20,33.20,000,27.39
2010-02-11,33.20,33.20,33.20,33.20,000,27.39
2010-02-10,33.20,33.60,33.10,33.20,677000,27.39
2010-02-09,32.45,33.10,32.10,33.00,432000,27.22
2010-02-08,31.45,33.40,31.10,32.30,500000,26.65
2010-02-05,33.00,33.00,31.90,31.90,659000,26.32
2010-02-04,32.90,33.10,32.75,33.00,251000,27.22
2010-02-03,32.90,33.00,32.40,32.80,360000,27.06
2010-02-02,33.45,33.50,32.60,32.70,372000,26.98
2010-02-01,33.25,33.55,33.10,33.25,261000,27.43
2010-01-29,33.65,33.70,33.25,33.30,267000,27.47
2010-01-28,34.00,34.30,33.65,33.65,362000,27.76
2010-01-27,34.00,34.00,33.30,33.60,676000,27.72
2010-01-26,35.00,35.30,33.25,33.40,982000,27.55
2010-01-25,34.50,35.00,34.50,34.95,461000,28.83
2010-01-22,35.50,35.70,34.70,35.00,837000,28.87
2010-01-21,36.00,36.30,35.70,35.80,496000,29.53
2010-01-20,36.10,36.45,36.00,36.10,554000,29.78
2010-01-19,36.25,36.60,36.05,36.10,474000,29.78
2010-01-18,36.35,36.60,36.20,36.55,462000,30.15
2010-01-15,36.45,36.65,36.35,36.35,549000,29.99
2010-01-14,36.80,36.90,36.35,36.35,680000,29.99
2010-01-13,36.60,37.30,36.45,36.60,753000,30.19
2010-01-12,37.05,37.40,36.65,36.65,652000,30.24
2010-01-11,38.00,38.00,36.90,37.00,1149000,30.52
2010-01-08,36.40,38.20,36.15,37.50,3008000,30.94
2010-01-07,36.20,36.50,36.10,36.15,376000,29.82
2010-01-06,36.10,36.40,36.10,36.20,375000,29.86
2010-01-05,36.60,36.95,36.05,36.05,702000,29.74
2010-01-04,36.50,36.80,36.45,36.50,378000,30.11
2010-01-01,36.65,36.65,36.65,36.65,000,30.24
