Date,Open,High,Low,Close,Volume
2014-12-01,17827.27,17827.27,17726.55,17776.80,86391921
2014-11-28,17830.55,17893.42,17807.78,17828.24,80469197
2014-11-26,17812.25,17833.76,17791.16,17827.75,67447584
2014-11-25,17819.05,17854.73,17790.89,17814.94,88188469
2014-11-24,17812.63,17855.27,17793.19,17817.90,85505296
2014-11-21,17721.02,17894.83,17721.02,17810.06,140943824
2014-11-20,17677.32,17720.44,17603.89,17719.00,77743594
2014-11-19,17685.51,17712.26,17624.50,17685.73,73780342
2014-11-18,17643.09,17735.71,17642.03,17687.82,87416239
2014-11-17,17631.85,17675.07,17606.81,17647.75,70332156
2014-11-14,17653.11,17664.15,17613.20,17634.74,72848633
2014-11-13,17618.69,17705.48,17583.88,17652.79,80543386
2014-11-12,17604.75,17626.71,17536.17,17612.20,75975315
2014-11-11,17615.64,17638.21,17584.94,17614.90,52876605
2014-11-10,17568.98,17621.87,17547.51,17613.74,71431565
2014-11-07,17558.58,17575.33,17493.37,17573.93,82859132
2014-11-06,17491.66,17560.31,17440.35,17554.47,70669889
2014-11-05,17385.76,17486.59,17385.76,17484.53,76034994
2014-11-04,17368.81,17397.23,17278.36,17383.84,81388131
2014-11-03,17390.90,17410.65,17339.85,17366.24,80028410
2014-10-31,17208.78,17395.54,17208.78,17390.52,121608621
2014-10-30,16968.14,17223.96,16920.76,17195.42,80181875
2014-10-29,17005.07,17065.50,16895.38,16974.31,76447861
2014-10-28,16825.19,17006.45,16825.19,17005.75,83866381
2014-10-27,16796.10,16836.98,16729.83,16817.94,72581120
2014-10-24,16677.04,16811.71,16649.72,16805.41,90395211
2014-10-23,16468.07,16767.52,16468.07,16677.90,99423314
2014-10-22,16615.26,16653.89,16459.85,16461.32,92054036
2014-10-21,16406.03,16620.78,16405.77,16614.81,105114893
2014-10-20,16373.15,16401.63,16260.54,16399.67,94324586
